14779
14779
177055
0 0 1.057079
0 1 -0.420890
0 3 -0.453431
0 6 0.167069
0 7 -0.016811
0 9982 -0.332776
1 0 -0.420890
1 1 3.859284
1 3 0.569416
1 7 -2.150780
1 10 -0.435621
1 49 0.242080
1 2914 -0.155598
1 9982 -1.397212
1 9983 -0.109433
2 2 7.357195
2 114 0.012210
2 1366 -1.424668
2 2677 -2.594438
2 3113 -1.306594
2 3553 -0.215084
2 10495 -0.632350
2 12928 -0.067151
2 13357 -0.968774
2 13610 -0.152653
3 0 -0.453431
3 1 0.569416
3 3 5.170654
3 4 -1.858548
3 6 -1.812978
3 7 -0.791344
3 11 1.157180
3 313 -2.118892
3 9982 0.286751
3 9983 -0.257249
3 9984 0.110839
4 3 -1.858548
4 4 5.679284
4 7 -0.362381
4 11 -1.683315
4 15 -0.066909
4 66 1.025265
4 313 0.250740
4 2914 -3.271024
4 9983 0.153584
4 9984 0.136439
5 5 12.743327
5 4305 -4.236155
5 6515 1.074929
5 6516 -2.794804
5 6967 -5.236053
5 7425 1.347132
5 7426 0.565906
5 10644 -3.404590
5 11831 0.922514
5 13402 -0.976515
6 0 0.167069
6 3 -1.812978
6 6 2.985725
6 312 0.412050
6 313 0.156802
6 9982 -1.085761
6 9983 0.565961
6 9984 -1.388098
7 0 -0.016811
7 1 -2.150780
7 3 -0.791344
7 4 -0.362381
7 7 3.016004
7 2914 -0.181263
7 9983 0.487707
8 8 9.924584
8 168 -0.389079
8 1533 -1.114488
8 3442 0.004157
8 5415 0.300796
8 6418 -1.910109
8 6584 -0.674852
8 9558 -2.983817
8 12835 -1.202092
8 13222 -0.713492
8 13430 -0.421574
8 13512 1.021105
8 14170 -1.815736
9 9 3.291954
9 790 -0.487452
9 1279 -0.864555
9 2727 -0.413196
9 3602 -0.375638
9 3644 -0.277971
9 13377 -0.869986
10 1 -0.435621
10 10 8.864522
10 33 -1.196159
10 34 0.425295
10 46 0.626896
10 49 -6.028635
10 312 -0.990500
10 313 0.489023
10 2914 0.149412
10 9982 0.910600
10 9983 -1.757522
10 9984 -1.054254
11 3 1.157180
11 4 -1.683315
11 11 14.255935
11 15 1.607512
11 33 -0.091093
11 34 -0.237813
11 46 0.307219
11 66 -8.794954
11 211 1.391727
11 312 0.240963
11 313 -3.292039
11 1604 -1.308329
11 2914 0.625384
11 10070 -0.145358
11 10615 -4.361066
11 13831 0.336425
12 12 4.477529
12 13 -0.026881
12 45 -0.733010
12 76 -2.218712
12 478 0.466657
12 479 -0.222379
12 504 -2.095280
12 513 0.353047
13 12 -0.026881
13 13 1.873572
13 45 -0.409125
13 67 0.612505
13 479 -1.264142
13 504 0.187701
13 1854 -0.973068
14 14 10.486115
14 1115 -2.001238
14 1116 0.915169
14 1236 0.796551
14 3743 -0.346829
14 8333 -2.077406
14 9218 0.441403
14 10908 -2.787255
14 11324 -4.306095
14 13550 -1.022127
14 13958 0.905268
15 4 -0.066909
15 11 1.607512
15 15 10.522932
15 33 -0.225581
15 34 -1.337463
15 50 0.231406
15 51 0.302973
15 52 -2.899326
15 66 -8.712975
15 2914 -0.354742
15 13831 0.936572
16 16 8.618967
16 5603 -1.175840
16 5672 -1.572941
16 5960 -2.695979
16 6068 -1.397502
16 6235 -1.160464
16 6603 0.008038
16 6722 -0.239119
16 8228 0.535045
16 13874 -1.354895
16 14144 0.452507
17 17 4.437027
17 25 -0.880602
17 41 1.354692
17 47 -3.320175
17 77 -1.332281
17 78 -0.366539
17 294 0.108099
18 18 6.076227
18 19 -2.932143
18 451 0.980886
18 490 -1.414345
18 1766 -0.131746
18 1903 -2.096064
18 7279 -0.238149
18 11722 0.097031
18 13547 -0.333550
19 18 -2.932143
19 19 13.123599
19 173 0.402390
19 451 -1.964876
19 490 -3.712835
19 1659 -4.393303
19 1842 0.100155
19 1903 1.307042
19 11722 -3.477313
19 13329 1.556724
20 20 5.475670
20 21 -2.285880
20 424 -1.944057
20 536 0.044536
20 581 0.535175
20 583 -0.212614
20 1376 -0.482034
20 10089 -0.849244
20 13297 0.964734
20 14261 -1.239980
21 20 -2.285880
21 21 10.089306
21 424 0.191724
21 581 -2.750290
21 4301 -0.891518
21 4302 -0.659029
21 10089 -2.782561
21 13297 -3.398245
21 14261 2.492015
22 22 6.469927
22 2229 -0.019345
22 2230 -0.645654
22 2778 -2.456689
22 2827 -0.186997
22 6369 -1.015659
22 10481 -0.495596
22 12873 -2.342420
22 13843 0.697696
23 23 4.920889
23 24 -0.795508
23 28 -1.748035
23 44 0.172308
23 60 0.446374
23 62 -0.301020
23 5848 -0.083987
23 9981 0.079385
23 11304 -2.689832
24 23 -0.795508
24 24 0.923220
24 28 0.329848
24 62 0.126269
24 5848 -0.372663
24 9981 -0.210979
25 17 -0.880602
25 25 7.322560
25 41 -3.748189
25 47 1.235135
25 58 -3.461652
25 59 -0.184157
25 77 -0.811296
25 263 -0.538415
25 8939 1.054211
25 13064 0.016237
26 26 8.732669
26 132 -3.558742
26 133 -1.363665
26 952 1.037667
26 953 -1.626606
26 1038 -0.150106
26 1039 -2.036333
26 1194 -0.561494
26 1198 1.623789
26 11759 -0.592115
26 12441 -0.548478
26 12444 -0.949265
27 27 8.553330
27 58 -0.179873
27 59 -1.805878
27 237 0.663677
27 261 -1.915881
27 278 -0.786556
27 370 -4.317797
27 611 1.518655
27 865 0.401085
27 11422 -1.220085
27 13064 -0.603596
27 13319 -0.298299
28 23 -1.748035
28 24 0.329848
28 28 3.429600
28 43 -1.110137
28 44 0.688722
28 56 -0.703771
28 60 -0.079573
28 3517 0.298902
28 5848 -0.491612
28 11304 -0.613051
29 29 1.687258
29 30 0.268317
29 441 -0.218360
29 474 -0.949520
29 475 -0.246789
29 477 -0.540498
30 29 0.268317
30 30 10.805086
30 415 1.012621
30 441 -4.111138
30 474 -3.776139
30 554 -2.235211
30 657 -1.346732
30 12048 -2.893062
30 12984 0.668905
30 13775 1.611694
31 31 8.457545
31 35 -3.669036
31 1318 -1.738609
31 2778 0.124322
31 7260 -0.477598
31 9039 -1.846086
31 12726 -1.418270
31 12904 -0.079650
31 13843 -1.073161
31 14493 1.743975
32 32 6.102134
32 1720 -0.276348
32 3897 -0.099498
32 4050 0.581542
32 4497 -1.011976
32 5515 0.025365
32 8007 -2.224520
32 8764 -0.450346
32 13772 0.051284
32 13912 -2.692277
33 10 -1.196159
33 11 -0.091093
33 15 -0.225581
33 33 6.459214
33 34 -0.938768
33 46 -1.676425
33 49 -0.315925
33 50 -2.467481
33 66 0.722808
33 79 -0.047175
33 80 0.141779
33 312 0.609094
33 13831 -0.965326
34 10 0.425295
34 11 -0.237813
34 15 -1.337463
34 33 -0.938768
34 34 6.896316
34 49 -3.367822
34 50 -0.837967
34 52 0.446914
34 312 0.509228
34 313 -0.109891
34 2914 -1.442610
35 31 -3.669036
35 35 10.787700
35 1156 0.013714
35 1318 -1.380233
35 2789 0.284687
35 7260 0.267186
35 8004 -0.269313
35 8005 -1.226383
35 8754 0.543997
35 10862 -0.686501
35 12726 0.904422
35 12904 0.664800
35 14493 -5.219366
35 14695 -0.997593
36 36 9.123732
36 37 0.198989
36 60 -1.681595
36 61 -4.629232
36 62 0.592109
36 69 0.004131
36 85 -0.334175
36 97 -0.590619
36 116 0.895311
36 578 -4.193122
36 3517 0.355050
36 10429 0.079089
36 11304 0.055679
36 14306 0.764217
36 14363 -0.634951
37 36 0.198989
37 37 2.382525
37 81 -0.020571
37 97 -1.027831
37 578 -0.294937
37 11178 -1.237952
38 38 8.747722
38 187 -1.095456
38 1840 -1.613942
38 2480 0.439108
38 4177 -0.848935
38 4350 -0.133892
38 4835 -1.062645
38 11220 -0.960490
38 12203 -0.079480
38 12335 -1.635552
38 12648 0.591192
38 13079 -3.151647
38 13311 0.829790
39 39 3.348608
39 55 -0.938572
39 72 -0.967360
39 80 -0.014406
39 130 -0.211780
39 1604 -0.600742
39 10070 0.004197
39 10170 0.105516
39 10405 0.045269
39 13831 -0.336456
39 13909 -0.432173
40 40 6.913369
40 499 0.822282
40 528 -2.132588
40 529 -0.550463
40 570 -1.522734
40 776 0.572399
40 10382 -0.244456
40 10676 -1.364155
40 11232 -2.888940
40 13570 0.395856
41 17 1.354692
41 25 -3.748189
41 41 6.240171
41 47 -2.133275
41 48 -1.447956
41 59 0.045527
41 96 -0.330836
41 262 0.672042
41 263 -0.259953
41 13064 -0.388588
42 42 9.465412
42 1486 -1.697514
42 7768 -0.675508
42 8513 -0.483080
42 8874 -3.901881
42 9691 -0.980932
42 12070 -0.348839
42 13339 -1.307016
42 14710 0.939917
43 28 -1.110137
43 43 3.906991
43 44 -2.851638
43 56 -0.984484
43 71 0.122844
43 101 0.236256
43 5848 -0.009569
43 11304 0.690551
44 23 0.172308
44 28 0.688722
44 43 -2.851638
44 44 5.391516
44 56 0.401467
44 69 1.008072
44 101 -1.596164
44 5848 -1.016562
44 9981 -1.675717
44 11304 -0.519854
45 12 -0.733010
45 13 -0.409125
45 45 1.816655
45 76 0.303229
45 478 -0.661065
45 479 0.197089
45 1854 -0.512892
46 10 0.626896
46 11 0.307219
46 33 -1.676425
46 46 5.042180
46 72 0.012995
46 80 -0.395924
46 312 -1.837582
46 9984 0.265084
46 10070 -0.186761
46 10170 -0.150756
46 11019 -1.512429
46 13831 -0.490540
47 17 -3.320175
47 25 1.235135
47 41 -2.133275
47 47 7.800266
47 48 -0.346555
47 77 -1.038615
47 78 0.223015
47 262 -4.758611
47 263 1.217435
47 294 -0.064307
47 5682 1.188134
48 41 -1.447956
48 47 -0.346555
48 48 4.169678
48 96 -0.320631
48 262 0.690524
48 263 0.231400
48 956 -0.096594
48 5682 -2.194859
48 13064 -0.681870
49 1 0.242080
49 10 -6.028635
49 33 -0.315925
49 34 -3.367822
49 49 10.127769
49 50 0.558350
49 313 0.354227
49 2914 -1.569246
50 15 0.231406
50 33 -2.467481
50 34 -0.837967
50 49 0.558350
50 50 5.006473
50 52 -1.707941
50 79 -0.556578
50 109 0.277006
50 11003 -0.321541
50 13831 -0.177103
51 15 0.302973
51 51 5.644937
51 52 -1.300908
51 66 -1.035536
51 211 -1.644464
51 1604 1.126509
51 7471 0.432211
51 11003 0.612126
51 11112 -0.633945
51 11403 -2.718759
51 13831 -1.738905
51 13909 0.959061
52 15 -2.899326
52 34 0.446914
52 50 -1.707941
52 51 -1.300908
52 52 5.020438
52 66 0.917428
52 11003 -0.442645
52 11112 0.251399
52 13831 -0.282277
53 53 4.996238
53 64 -0.780570
53 65 -0.752364
53 73 0.310163
53 497 -0.147683
53 530 -0.346219
53 5584 0.293325
53 10743 -1.032099
53 10805 -1.109652
53 12957 0.149701
53 13782 -1.575282
54 54 6.750806
54 2429 -0.151196
54 5399 -1.424135
54 7168 -1.190380
54 7727 -1.610782
54 9446 -0.169334
54 9498 -0.232651
54 12151 -0.479384
54 13181 0.297327
54 13392 -1.755418
54 14764 -0.025495
55 39 -0.938572
55 55 2.004495
55 72 0.054925
55 80 -0.395628
55 113 -0.181073
55 10405 -0.508564
55 10992 -0.085631
55 13909 0.050856
56 28 -0.703771
56 43 -0.984484
56 44 0.401467
56 56 4.664120
56 69 -0.160104
56 71 -2.039761
56 101 0.298116
56 147 0.727621
56 3517 -2.026900
56 11304 -0.173015
57 57 3.771980
57 395 -0.015909
57 978 -0.208202
57 3831 -1.679717
57 4224 0.154241
57 4896 -0.264661
57 5353 -0.358854
57 6523 -0.164930
57 12308 -1.228935
58 25 -3.461652
58 27 -0.179873
58 58 7.280436
58 59 0.083268
58 77 0.221952
58 263 0.901198
58 278 -1.409963
58 8939 -2.905946
58 13064 -0.526519
59 25 -0.184157
59 27 -1.805878
59 41 0.045527
59 58 0.083268
59 59 5.890592
59 96 -1.997856
59 261 -1.714974
59 956 0.301359
59 13064 -0.898017
59 13319 0.286310
60 23 0.446374
60 28 -0.079573
60 36 -1.681595
60 60 5.295727
60 61 0.662919
60 69 0.027531
60 116 -0.046479
60 578 0.820656
60 3517 -2.812368
60 11304 -2.631788
61 36 -4.629232
61 60 0.662919
61 61 7.949486
61 62 -0.863605
61 69 -3.690540
61 85 -0.811965
61 97 0.303576
61 9981 0.190158
61 10429 0.806996
61 11304 0.083221
62 23 -0.301020
62 24 0.126269
62 36 0.592109
62 61 -0.863605
62 62 3.451520
62 69 0.207966
62 9981 -1.475976
62 11304 -1.736981
63 63 2.804177
63 64 -0.953339
63 65 -0.679275
63 469 -0.586434
63 470 -0.448038
63 13325 -0.135450
64 53 -0.780570
64 63 -0.953339
64 64 6.619104
64 65 -0.604273
64 469 -0.847916
64 497 -1.140047
64 2840 -0.301682
64 5106 -0.659509
64 12957 -1.729479
64 12968 0.415077
64 13325 -0.540208
64 13782 0.537159
65 53 -0.752364
65 63 -0.679275
65 64 -0.604273
65 65 5.179649
65 73 -1.848168
65 470 -0.008389
65 10441 0.004423
65 10501 -0.907304
65 10743 0.041099
65 13325 -0.072754
65 13782 -0.215972
65 14677 -0.130125
66 4 1.025265
66 11 -8.794954
66 15 -8.712975
66 33 0.722808
66 51 -1.035536
66 52 0.917428
66 66 16.884329
66 211 -0.550503
66 1604 0.496946
66 10615 1.172644
66 13831 -2.121464
67 13 0.612505
67 67 4.744406
67 68 -1.539948
67 70 -0.631307
67 75 0.936671
67 91 0.271537
67 94 0.087128
67 479 -2.002339
67 480 -2.076965
67 1854 -0.398954
68 67 -1.539948
68 68 4.764851
68 70 0.420887
68 76 0.653598
68 94 -1.625381
68 478 -2.432479
68 479 -0.661165
68 1854 -0.214994
68 1888 0.637015
69 36 0.004131
69 44 1.008072
69 56 -0.160104
69 60 0.027531
69 61 -3.690540
69 62 0.207966
69 69 8.897403
69 71 0.441627
69 85 0.934213
69 101 -2.089256
69 3517 -0.326159
69 9981 -1.821252
69 10429 -2.401438
69 11304 -1.031217
69 14363 0.005052
70 67 -0.631307
70 68 0.420887
70 70 5.622555
70 75 0.720680
70 91 -0.207686
70 94 -2.664601
70 480 -1.293210
70 10155 -0.075043
70 10394 -1.602661
70 10892 -0.654346
70 11326 0.187987
70 13970 0.180408
71 43 0.122844
71 56 -2.039761
71 69 0.441627
71 71 5.021263
71 101 -2.774183
71 147 -0.949690
71 3517 0.606472
71 11292 -0.090695
71 11314 0.063718
71 14363 -0.398172
72 39 -0.967360
72 46 0.012995
72 55 0.054925
72 72 2.446849
72 80 -0.998806
72 10170 -0.178108
72 11019 -0.278007
72 13831 -0.091770
73 53 0.310163
73 65 -1.848168
73 73 3.812655
73 457 -0.072992
73 10441 -0.007960
73 10743 -1.067362
73 11442 -1.008514
73 14677 -0.116416
74 74 9.176718
74 6556 -0.032786
74 7191 -2.204632
74 7195 -4.169350
74 7204 0.025418
74 7317 -3.173835
74 7628 1.072509
74 8224 0.972246
74 10698 -0.130891
74 11553 -0.802207
74 13302 -0.727731
75 67 0.936671
75 70 0.720680
75 75 10.968900
75 89 0.419089
75 90 1.312162
75 91 -0.033084
75 94 -1.036034
75 142 -3.203803
75 181 1.585389
75 479 -1.643274
75 480 -6.156539
75 504 -0.472760
75 512 -3.050581
75 513 -0.107658
75 1888 0.347080
75 10394 0.374890
75 13970 -0.947368
76 12 -2.218712
76 45 0.303229
76 68 0.653598
76 76 5.186190
76 478 -2.092910
76 479 -0.131161
76 504 -0.439320
76 513 0.379569
76 1888 -1.638691
77 17 -1.332281
77 25 -0.811296
77 47 -1.038615
77 58 0.221952
77 77 4.848713
77 78 -2.055676
77 262 1.209888
77 263 -0.564127
77 8939 -0.476342
78 17 -0.366539
78 47 0.223015
78 77 -2.055676
78 78 5.360770
78 262 0.178516
78 263 0.756152
78 294 -2.866148
78 8939 -1.228970
79 33 -0.047175
79 50 -0.556578
79 79 4.543405
79 80 -0.296901
79 109 -2.440250
79 113 0.226785
79 185 0.257336
79 189 0.153596
79 10711 -0.860806
79 11003 -0.041446
79 13831 -0.331755
79 13909 -0.599589
80 33 0.141779
80 39 -0.014406
80 46 -0.395924
80 55 -0.395628
80 72 -0.998806
80 79 -0.296901
80 80 3.679173
80 113 -0.192191
80 13831 -1.345303
80 13909 -0.177783
81 37 -0.020571
81 81 5.121951
81 97 -0.904681
81 123 0.120260
81 157 1.060417
81 190 -0.145884
81 195 -3.086644
81 206 0.051905
81 11178 -0.945252
81 14313 -1.247634
82 82 6.700755
82 924 -0.827590
82 4123 -0.449337
82 4378 -1.356507
82 4728 -0.422166
82 8268 0.035352
82 8368 0.410508
82 9531 -2.543910
82 12118 -0.216463
82 13353 -1.324065
83 83 5.193784
83 1022 0.291087
83 1273 -0.323786
83 1817 -0.770431
83 2799 -0.555702
83 2815 0.188391
83 8667 -2.437209
83 8668 -0.135658
83 12424 0.027393
83 14592 -1.470312
84 84 4.919864
84 2292 -2.228050
84 4052 -0.153003
84 6387 -0.541538
84 8080 -1.326780
84 9871 -0.331519
84 11884 -0.306839
84 12888 -0.024064
85 36 -0.334175
85 61 -0.811965
85 69 0.934213
85 85 7.780957
85 97 -3.566368
85 102 0.070141
85 578 0.831412
85 2871 -1.909434
85 10429 -1.301519
85 14306 -2.321717
85 14313 0.631606
86 86 2.663977
86 88 -0.108383
86 102 -0.626344
86 138 -0.506755
86 226 0.210781
86 2871 -0.425534
86 10893 -0.104526
86 11292 -0.668673
86 11314 0.042841
86 14306 -1.124179
86 14363 0.648595
87 87 9.015587
87 180 -0.447431
87 608 0.239456
87 747 -0.191379
87 1304 -2.128021
87 2464 -0.447121
87 2813 -3.606094
87 3886 -2.414767
87 6561 0.766273
87 13038 0.160064
87 13113 -1.052541
87 13682 0.127767
88 86 -0.108383
88 88 5.752264
88 117 -3.405507
88 138 -0.792493
88 147 -0.641945
88 162 0.805616
88 3518 0.631615
88 11314 -1.331946
88 14306 -0.907100
89 75 0.419089
89 89 7.358469
89 90 -3.268463
89 91 -1.455803
89 119 -0.467129
89 142 0.454546
89 151 0.209560
89 152 -0.935792
89 10058 -0.515544
89 10394 -0.206086
89 12522 0.052721
89 13970 -1.638268
90 75 1.312162
90 89 -3.268463
90 90 7.424226
90 91 0.012972
90 142 -2.889732
90 151 -1.051721
90 152 0.047734
90 172 -0.344064
90 480 -1.134505
90 12522 0.450565
90 13754 -0.554514
91 67 0.271537
91 70 -0.207686
91 75 -0.033084
91 89 -1.455803
91 90 0.012972
91 91 8.459957
91 480 -3.715915
91 10394 -4.814532
91 13970 1.484998
92 92 8.713582
92 395 -1.568617
92 977 -1.370534
92 2269 1.216902
92 2318 1.013304
92 3281 -6.620288
92 6523 -0.976192
92 12146 -0.519059
92 12308 0.116630
93 93 4.423732
93 539 0.073622
93 562 -1.906422
93 836 -0.106303
93 3776 -1.213000
93 5353 -0.068497
93 13078 0.417102
93 14232 -1.617490
94 67 0.087128
94 68 -1.625381
94 70 -2.664601
94 75 -1.036034
94 94 8.154522
94 100 -0.689775
94 478 0.578210
94 479 0.432238
94 480 1.100212
94 513 0.560712
94 1888 -4.227955
94 10155 -0.724551
94 10974 0.007337
94 13970 0.055586
95 95 2.271197
95 1320 -0.327800
95 1930 -0.233784
95 2478 -0.199484
95 2497 -0.454863
95 9635 0.111420
95 10377 -0.269879
95 14444 -0.894969
96 41 -0.330836
96 48 -0.320631
96 59 -1.997856
96 96 4.437445
96 261 -0.169395
96 956 -2.202717
96 6517 0.778768
96 13064 -0.192442
97 36 -0.590619
97 37 -1.027831
97 61 0.303576
97 81 -0.904681
97 85 -3.566368
97 97 6.361310
97 157 -0.380970
97 195 0.660227
97 578 -0.316410
97 2871 0.507764
97 11178 -0.984004
97 14306 0.283666
97 14313 -0.340504
98 98 8.114917
98 99 -0.689385
98 525 -3.979276
98 854 0.054676
98 5042 -0.865540
98 5043 -0.020742
98 8994 -0.780807
98 12164 -0.484258
98 12586 -0.482834
98 13501 -0.720180
98 13616 -0.129704
99 98 -0.689385
99 99 4.158545
99 525 -0.007102
99 526 -0.104935
99 1850 -1.023218
99 3971 0.110963
99 5042 -0.477916
99 10159 -1.066488
99 12586 -0.896119
100 94 -0.689775
100 100 8.275509
100 103 -0.116229
100 106 -2.536556
100 129 0.984746
100 1888 0.665807
100 10155 -1.697832
100 10974 -5.257474
100 13970 0.372661
101 43 0.236256
101 44 -1.596164
101 56 0.298116
101 69 -2.089256
101 71 -2.774183
101 101 5.078726
101 102 0.156928
101 9981 1.077742
101 10429 -0.131060
101 10893 -0.206083
101 11292 0.084830
101 14363 -0.134058
102 85 0.070141
102 86 -0.626344
102 101 0.156928
102 102 3.805721
102 2871 -0.065269
102 10429 -0.805702
102 10893 -1.939057
102 14306 0.010242
102 14363 -0.605737
103 100 -0.116229
103 103 6.840896
103 106 1.250641
103 129 -2.787060
103 220 -0.871181
103 258 0.248827
103 308 0.858970
103 2527 0.068888
103 3010 -1.315163
103 3492 -2.098263
103 10974 -0.334296
103 12522 -0.746248
103 13970 -0.992333
104 104 4.620751
104 105 -0.359018
104 1103 -0.826012
104 6797 -0.685014
104 8027 -1.787234
104 9688 -0.192827
104 9859 0.066557
104 12152 -0.658845
104 13014 -0.172861
105 104 -0.359018
105 105 5.939617
105 8027 -2.304180
105 8028 -0.215532
105 8880 -1.110575
105 9615 -1.022442
105 9859 -0.338405
105 11513 -0.159756
105 12152 -0.422437
106 100 -2.536556
106 103 1.250641
106 106 7.387389
106 119 -1.532530
106 129 -3.806117
106 222 0.444850
106 10058 -0.279087
106 10155 -0.117280
106 10892 -0.073671
106 10974 1.258542
106 12522 0.881875
106 13970 -2.874103
107 107 8.602283
107 108 -4.180445
107 3440 -0.000359
107 4851 0.194605
107 5477 0.057265
107 7711 -0.620529
107 7754 -1.090956
107 9753 -1.405858
107 13839 -0.142399
107 14451 0.730595
107 14501 -2.135623
108 107 -4.180445
108 108 6.957895
108 3439 -0.126873
108 3440 -2.185809
108 4851 -0.524593
108 13839 -0.769116
108 14501 0.833161
109 50 0.277006
109 79 -2.440250
109 109 6.310026
109 156 -0.659835
109 189 -2.633092
109 239 0.141258
109 10711 1.035491
109 11003 -1.735798
109 13909 -0.292488
110 110 7.036369
110 113 0.130778
110 130 -2.394950
110 131 0.959632
110 143 -0.437515
110 151 -0.314489
110 174 0.330205
110 175 -1.513091
110 10405 -0.553955
110 10992 -0.008228
110 11245 -1.716715
110 11757 0.367225
110 12743 -1.882820
111 111 2.462283
111 1644 -0.360767
111 1712 -0.441929
111 10282 -0.193149
111 10577 0.066658
111 10772 -0.285157
111 10775 -0.302878
111 10991 0.298600
111 11419 -0.853633
111 13748 -0.388757
112 112 3.168825
112 1711 -0.433750
112 1743 -0.064312
112 1880 -1.428621
112 2021 0.173132
112 2091 -0.073315
112 10282 -0.554756
112 10991 -0.488788
112 11419 0.103673
112 11779 -0.398907
113 55 -0.181073
113 79 0.226785
113 80 -0.192191
113 110 0.130778
113 113 3.931539
113 175 -1.003136
113 618 -0.233775
113 10405 -0.315773
113 10711 -0.989537
113 10992 -0.193443
113 12743 -0.449826
113 13909 -1.042539
113 13952 0.314879
114 2 0.012210
114 114 5.417120
114 115 -0.102942
114 158 -0.156488
114 159 -1.500309
114 1366 -1.782776
114 2677 -0.295311
114 2924 0.059759
114 3597 -0.077892
114 13357 -1.776312
114 14045 0.212203
115 114 -0.102942
115 115 3.881317
115 159 -0.877599
115 2924 -0.764481
115 3497 -0.193558
115 7980 -1.182941
115 9227 0.041143
115 14045 -0.795989
116 36 0.895311
116 60 -0.046479
116 116 5.902677
116 123 -0.332043
116 147 0.709845
116 578 -3.470534
116 3517 -1.748581
116 3518 -1.486974
116 14306 -0.062656
116 14363 -0.356428
117 88 -3.405507
117 117 6.638236
117 118 -1.180839
117 123 0.460397
117 138 0.207700
117 147 0.971373
117 162 -1.428188
117 177 -0.203118
117 3518 -1.284305
117 14306 -0.284549
117 14313 -0.484398
118 117 -1.180839
118 118 5.651278
118 123 -1.131730
118 160 -1.080035
118 177 -2.204367
118 260 0.336027
118 3518 0.392781
118 11637 0.582121
118 14313 -1.360366
119 89 -0.467129
119 106 -1.532530
119 119 7.157580
119 129 0.831659
119 152 -2.589104
119 222 -2.780373
119 10058 -0.569852
119 12522 -1.176347
119 13754 0.749232
119 13970 0.380503
120 120 3.728260
120 1009 -0.217235
120 1061 0.237307
120 1099 -0.148804
120 1100 -1.231676
120 1120 -0.213321
120 1209 0.314695
120 1619 -0.357651
120 10930 -2.140320
120 10970 0.029914
121 121 3.830384
121 122 -0.190309
121 124 -0.891997
121 131 -1.078860
121 144 0.355414
121 153 -0.853179
121 211 -0.226950
121 7471 -0.305575
121 12743 -1.062282
121 13909 0.428481
122 121 -0.190309
122 122 8.630460
122 124 -1.289013
122 136 -5.698411
122 2657 -0.343397
122 7471 -0.167709
122 11421 -0.091547
122 11727 -1.506128
122 12510 1.538063
122 12743 -1.575893
122 13661 0.701077
123 81 0.120260
123 116 -0.332043
123 117 0.460397
123 118 -1.131730
123 123 3.878711
123 160 -0.038099
123 206 -0.047713
123 578 -0.024404
123 3518 -0.659178
123 11178 -0.901124
123 14306 -0.206658
123 14313 -1.110175
124 121 -0.891997
124 122 -1.289013
124 124 5.885515
124 144 -1.064632
124 153 -0.388529
124 231 -0.396613
124 11168 0.760202
124 11421 -1.754208
124 11727 0.868580
124 12743 0.364808
124 13661 -2.090134
125 125 11.184487
125 126 -0.614408
125 127 -1.381020
125 146 0.942409
125 163 0.943822
125 199 0.546755
125 217 -1.360416
125 256 -1.666081
125 269 -0.787986
125 288 1.744066
125 340 0.552524
125 7777 -5.179876
125 7778 -2.034465
125 11113 -1.194550
125 13297 1.018898
125 14239 -2.700374
126 125 -0.614408
126 126 4.757260
126 127 1.206275
126 146 -3.911708
126 149 -1.117996
126 215 0.241573
126 269 -0.287359
126 7777 -0.272219
127 125 -1.381020
127 126 1.206275
127 127 4.994075
127 146 -2.116169
127 163 -1.346105
127 217 -0.175744
127 257 -0.133017
127 269 0.160246
127 448 -2.313892
127 11113 1.108703
128 128 17.629950
128 1210 -0.587092
128 1787 -2.615362
128 3077 -0.656981
128 3811 -3.728456
128 4795 1.774387
128 9918 -0.830720
128 11362 -11.772626
128 12677 1.772254
128 13191 1.502820
128 14103 -2.842425
128 14160 1.940945
128 14470 -1.552559
129 100 0.984746
129 103 -2.787060
129 106 -3.806117
129 119 0.831659
129 129 7.702671
129 222 -1.128941
129 258 0.418730
129 279 -1.352314
129 3492 -0.917152
129 12522 -1.038273
129 13970 1.096758
130 39 -0.211780
130 110 -2.394950
130 130 5.536276
130 131 -1.599355
130 143 0.688349
130 1604 0.018493
130 10405 -1.625098
130 12743 0.150328
130 13909 -0.560543
131 110 0.959632
131 121 -1.078860
131 130 -1.599355
131 131 3.591892
131 143 -0.302497
131 153 -0.249760
131 211 -0.428230
131 1604 -0.009653
131 12743 -0.190000
131 13909 -0.689627
132 26 -3.558742
132 132 9.560551
132 133 0.930244
132 1194 -2.284453
132 1198 -2.093265
132 1267 0.460893
132 1291 -0.002287
132 1298 -0.332497
132 10824 -1.201806
132 11759 -0.847414
132 12444 0.188537
132 13179 0.411758
132 14547 -1.228855
133 26 -1.363665
133 132 0.930244
133 133 9.135572
133 809 -0.682637
133 810 -0.065403
133 887 -0.868570
133 919 -2.363014
133 1039 -0.735952
133 1043 -2.421212
133 1091 0.631334
133 1198 -0.690696
133 11589 -1.138919
133 11759 0.010780
133 11856 0.099820
133 12060 0.123526
133 12441 -0.579829
134 134 10.637509
134 135 0.113979
134 3020 -0.585488
134 3043 -0.060829
134 3295 -0.821737
134 3493 -3.441765
134 3560 -6.849067
134 3564 1.851503
134 3690 1.167102
134 12250 -1.266328
134 12345 -0.734289
135 134 0.113979
135 135 6.307644
135 2603 -0.800716
135 2685 -0.279408
135 2851 -0.021852
135 3020 -0.674596
135 3245 -0.902274
135 3307 -0.787755
135 3560 -0.706439
135 12345 -1.136947
135 13686 0.247778
135 14370 -1.160810
135 14698 -0.181256
136 122 -5.698411
136 136 10.072271
136 156 0.240009
136 204 -1.083383
136 250 -0.698757
136 317 0.766150
136 2657 -0.895824
136 7471 -0.772906
136 11727 -0.835199
136 12510 -2.338587
136 12743 1.250784
137 137 6.368368
137 583 -0.885184
137 584 -1.630172
137 722 0.640582
137 724 -0.501995
137 756 -2.860860
137 791 -0.074613
137 792 -1.824396
137 10971 0.505811
137 12368 0.019306
137 13596 0.252602
137 14385 0.000937
138 86 -0.506755
138 88 -0.792493
138 117 0.207700
138 138 6.377423
138 162 -1.544562
138 196 0.964232
138 209 -0.408698
138 225 -0.535506
138 226 -2.854741
138 2871 0.308451
138 11637 0.140068
138 14306 -0.061222
138 14313 -1.284331
139 139 3.158822
139 1304 -0.121696
139 3015 -0.445282
139 6561 -0.510194
139 6926 0.192383
139 7817 -0.305393
139 10228 -0.570163
139 10404 -0.429529
139 12725 -0.508481
139 13803 -0.457531
140 140 13.104537
140 141 -1.709858
140 5904 -3.617449
140 8595 0.457487
140 9615 -0.205339
140 9758 -5.328676
140 9859 -0.457260
140 10043 -0.444664
140 12047 0.892015
140 12152 -3.449220
140 13038 0.228319
140 13614 0.550336
141 140 -1.709858
141 141 8.820599
141 4160 -2.630648
141 4537 -0.170650
141 5904 -0.162518
141 9310 -0.183040
141 10043 -3.348950
141 11704 -0.798571
141 12152 0.077061
141 13614 0.115845
142 75 -3.203803
142 89 0.454546
142 90 -2.889732
142 142 8.955775
142 172 -1.176404
142 181 -3.654536
142 200 -1.602057
142 219 0.897168
142 480 1.243371
142 512 1.431201
142 11372 0.847352
142 12522 -0.676534
142 13754 -0.175085
142 13970 -0.439516
143 110 -0.437515
143 130 0.688349
143 131 -0.302497
143 143 7.407544
143 144 0.338160
143 152 -0.288258
143 153 -1.438922
143 176 0.517362
143 222 -1.349991
143 11245 -1.884916
143 11757 0.081625
143 12743 -0.811015
143 13661 -2.093024
143 13754 -0.420877
144 121 0.355414
144 124 -1.064632
144 143 0.338160
144 144 5.199548
144 153 -0.877350
144 222 -0.097517
144 231 -1.330774
144 279 -1.884902
144 284 -0.149163
144 670 0.854173
144 13661 -1.340364
145 145 0.703718
145 401 -0.336188
145 404 0.031528
145 432 -0.320698
145 523 -0.078123
146 125 0.942409
146 126 -3.911708
146 127 -2.116169
146 146 5.800891
146 149 0.074350
146 269 -0.909535
146 448 0.120881
147 56 0.727621
147 71 -0.949690
147 88 -0.641945
147 116 0.709845
147 117 0.971373
147 147 6.380870
147 3517 -1.676268
147 3518 -2.840404
147 11314 -2.341385
147 14306 0.947270
147 14363 -1.284484
148 148 3.721698
148 915 0.050162
148 1701 -0.501958
148 1922 0.014166
148 2207 -0.885466
148 2208 -0.105971
148 2430 -0.392612
148 2431 0.064466
148 12903 -1.960484
149 126 -1.117996
149 146 0.074350
149 149 4.894868
149 186 0.434792
149 215 -2.425313
149 269 -1.885279
149 843 -0.490994
149 7777 0.516458
150 150 8.104712
150 1368 -1.380496
150 2585 -0.460459
150 4329 -2.374100
150 7456 -0.169970
150 9378 -0.100566
150 9624 -1.603765
150 9679 -0.698970
150 11763 0.331792
150 14132 0.177304
150 14257 -1.548611
150 14483 -0.251852
151 89 0.209560
151 90 -1.051721
151 110 -0.314489
151 151 4.060400
151 152 -0.617856
151 172 -0.149253
151 174 -1.262429
151 175 0.497003
151 176 0.088848
151 11245 -1.063768
151 13754 -0.394594
152 89 -0.935792
152 90 0.047734
152 119 -2.589104
152 143 -0.288258
152 151 -0.617856
152 152 6.165536
152 222 0.489262
152 11245 -0.938191
152 12522 0.314213
152 13754 -1.645327
153 121 -0.853179
153 124 -0.388529
153 131 -0.249760
153 143 -1.438922
153 144 -0.877350
153 153 3.963783
153 12743 -0.277255
153 13661 0.123614
154 154 9.446880
154 1355 -3.281689
154 1419 0.005667
154 3183 0.674463
154 3546 -2.717109
154 5885 -1.192402
154 8943 -0.926633
154 10303 -0.602628
154 10447 0.946776
154 11906 -1.796953
154 11993 -0.893318
154 13187 -0.222979
154 13248 0.580595
155 155 10.963679
155 1640 0.634808
155 2192 0.296460
155 4163 -2.420835
155 5157 -1.082202
155 5593 -2.278072
155 8607 0.812808
155 9686 0.068686
155 10572 -1.509502
155 11228 -0.725679
155 11498 -5.822884
155 14139 1.066709
156 109 -0.659835
156 136 0.240009
156 156 5.560820
156 189 -0.327481
156 204 -0.158856
156 239 -0.454297
156 7471 -2.416646
156 11003 -0.731642
156 11112 0.065641
156 11403 -0.743118
156 12510 -0.755816
156 12743 0.658419
156 13909 -0.270822
157 81 1.060417
157 97 -0.380970
157 157 6.130982
157 190 -0.072282
157 194 -0.492822
157 195 -1.995137
157 196 -1.605751
157 238 0.269820
157 297 -1.181762
157 2871 -0.047091
157 11637 -0.298520
157 13664 -0.362029
157 14313 -1.017016
158 114 -0.156488
158 158 5.955081
158 159 -1.467965
158 3597 -2.469737
158 7533 0.054387
158 7551 -0.756454
158 8314 -0.019743
158 9227 0.180082
158 13192 -1.446715
158 13357 0.135186
159 114 -1.500309
159 115 -0.877599
159 158 -1.467965
159 159 8.622270
159 9227 -4.161179
159 12456 1.382691
159 13192 -1.094898
159 13357 0.289962
159 14045 -1.178655
160 118 -1.080035
160 123 -0.038099
160 160 4.365583
160 206 -2.171511
160 260 -0.203558
160 719 -0.170430
160 11637 -0.519251
160 14313 -0.178257
161 161 7.080825
161 439 0.772101
161 619 -0.140266
161 644 -0.399474
161 651 -2.993795
161 683 -1.298336
161 1005 -3.243835
161 1006 0.309079
161 12227 0.703073
161 13294 -0.786719
162 88 0.805616
162 117 -1.428188
162 138 -1.544562
162 162 6.934405
162 177 -3.106886
162 209 -0.290317
162 210 -2.874051
162 301 1.298096
162 11637 -0.697948
162 13806 0.758140
162 14313 0.150760
163 125 0.943822
163 127 -1.346105
163 163 8.536655
163 199 0.523563
163 212 -1.897554
163 257 0.218433
163 269 -0.259835
163 448 -2.783917
163 11113 -3.932763
164 164 7.046464
164 7696 -0.758311
164 7697 -1.014776
164 7843 -1.260939
164 7869 -0.294435
164 8435 0.229199
164 8436 -2.897529
164 12556 0.373137
164 14178 -1.405682
165 165 6.162250
165 369 0.381588
165 2717 -0.441913
165 4068 -2.638393
165 6314 0.998163
165 7771 0.466707
165 8026 -1.466357
165 9480 -2.597622
165 10917 -0.691236
165 14000 -0.117521
165 14420 -0.181177
165 14627 0.131405
166 166 5.522898
166 167 0.215100
166 521 -0.555265
166 1004 -1.015772
166 2092 -1.803882
166 4482 -1.119732
166 10135 0.924424
166 10633 -0.756463
166 12519 -1.996842
166 13188 0.589207
167 166 0.215100
167 167 4.641143
167 521 -0.306983
167 716 -0.451363
167 1434 -1.172430
167 1676 -0.695758
167 4482 -0.164713
167 6513 0.243910
167 10421 -0.469926
167 12519 -1.570859
167 13994 -0.261473
168 8 -0.389079
168 168 5.897631
168 5836 -2.574850
168 6418 -1.155508
168 9270 -0.300403
168 9558 -0.367422
168 13512 0.403436
168 14170 -1.508471
169 169 9.155573
169 170 -3.031368
169 601 -0.368760
169 1408 -3.056338
169 3864 -0.700995
169 8867 -1.267644
169 12672 -0.748176
169 13072 0.651292
169 13289 -0.639832
169 14621 -0.803664
169 14765 0.819150
170 169 -3.031368
170 170 6.932734
170 574 -0.083598
170 921 -0.136450
170 963 -0.210212
170 1408 0.171486
170 1572 -0.811352
170 3769 -1.051009
170 8867 0.084259
170 11743 -0.460109
170 13289 -0.528097
170 14621 -0.711577
170 14765 -0.154408
171 171 8.002417
171 1881 -2.075846
171 3613 -0.979629
171 3969 0.064411
171 4125 0.871682
171 4407 -2.047942
171 4408 -0.884052
171 4632 0.633643
171 10779 -2.575820
171 14155 -1.005744
172 90 -0.344064
172 142 -1.176404
172 151 -0.149253
172 172 3.291040
172 174 0.149244
172 176 -0.207954
172 200 0.599194
172 219 -1.719837
172 13754 -0.439902
173 19 0.402390
173 173 8.439138
173 451 -0.855918
173 942 -0.063553
173 1361 -0.759702
173 1471 -2.110128
173 1842 -2.267978
173 4310 -1.177759
173 11722 -1.441642
173 12748 0.356207
173 13930 -0.498280
174 110 0.330205
174 151 -1.262429
174 172 0.149244
174 174 4.000501
174 175 -1.313416
174 176 -1.150427
174 202 -0.039761
174 234 0.018220
174 11245 -0.275956
174 11757 -0.453899
175 110 -1.513091
175 113 -1.003136
175 151 0.497003
175 174 -1.313416
175 175 4.027473
175 202 -0.143219
175 618 0.136553
175 11757 -0.368677
175 12743 0.013480
175 13952 -0.331280
176 143 0.517362
176 151 0.088848
176 172 -0.207954
176 174 -1.150427
176 176 8.823480
176 219 0.253337
176 223 -2.897391
176 234 0.022064
176 11206 -0.108490
176 11245 -0.653729
176 11757 -2.488837
176 11992 -0.016864
176 13661 0.283247
176 13754 -2.457260
177 117 -0.203118
177 118 -2.204367
177 162 -3.106886
177 177 5.968822
177 210 1.424320
177 260 -0.157999
177 301 -1.121299
177 11637 -0.813740
177 14313 0.219076
178 178 9.505281
178 179 -1.764384
178 890 -1.019629
178 939 -0.221920
178 1615 1.599378
178 1786 -0.430436
178 2600 -2.517046
178 8256 -0.669378
178 11163 -3.574464
178 11214 0.904873
178 12929 1.290604
178 13245 -0.712153
178 13837 0.217658
178 14532 -2.595247
179 178 -1.764384
179 179 10.925920
179 939 -5.098948
179 1615 -4.303192
179 8977 -0.731597
179 11163 1.058617
179 13213 -0.034780
179 14468 -1.689217
179 14532 1.647416
180 87 -0.447431
180 180 6.124855
180 747 0.167520
180 2813 -1.966530
180 6412 -0.977373
180 9217 -0.737166
180 10520 -0.776517
180 10831 0.220147
180 11084 -0.668328
180 13113 -0.061496
180 14262 -0.864051
181 75 1.585389
181 142 -3.654536
181 181 8.423003
181 200 -0.351357
181 213 -0.653404
181 240 0.522584
181 512 -1.215088
181 11244 -1.282746
181 11372 -3.219930
181 12522 -1.042153
181 13970 0.893134
182 182 6.627230
182 3782 -1.063656
182 3783 -3.267199
182 6484 -0.425137
182 8852 0.121574
182 9413 -2.085952
182 12543 -0.744192
182 13214 0.842841
183 183 8.975060
183 1159 -3.833581
183 1592 -1.390718
183 2321 1.326255
183 4768 -0.380300
183 5289 -0.699441
183 7951 -3.243456
183 13138 0.249555
184 184 9.944871
184 6284 0.056302
184 7691 -5.642900
184 8989 0.446372
184 8998 -1.567385
184 9282 -1.363445
184 11902 -0.090481
184 12890 -1.393378
184 13244 -0.373157
185 79 0.257336
185 185 6.269396
185 189 -1.715199
185 201 -1.484803
185 202 -1.023474
185 235 0.718289
185 618 -0.287870
185 10711 -1.431605
185 12510 -0.173973
185 13952 -1.126310
186 149 0.434792
186 186 2.915591
186 230 -1.181812
186 241 -1.182951
186 253 0.323717
186 269 -0.422333
186 843 -0.886199
187 38 -1.095456
187 187 4.986336
187 4177 -0.134474
187 4835 -0.058128
187 8540 -0.427567
187 8855 0.077781
187 9856 -1.548176
187 12335 -0.591191
187 12648 -1.198969
188 188 11.417315
188 290 -2.496104
188 1067 0.754743
188 1258 1.612191
188 2418 -2.544483
188 3106 -6.074414
188 4792 0.811051
188 7667 -2.533812
188 10801 0.739377
188 14227 -0.683399
189 79 0.153596
189 109 -2.633092
189 156 -0.327481
189 185 -1.715199
189 189 7.400113
189 201 -0.220311
189 239 -1.269800
189 10711 -1.145850
189 12510 -1.066670
189 12743 -0.100919
189 13909 0.670637
189 13952 0.259408
190 81 -0.145884
190 157 -0.072282
190 190 4.834969
190 194 -0.425331
190 195 -1.398644
190 205 -0.251453
190 206 -0.591431
190 239 -0.357714
190 10019 -0.200086
190 11637 -0.089539
190 13664 -1.194760
190 14313 -0.102583
191 191 8.529722
191 544 -1.720548
191 3314 0.007625
191 7201 -1.306885
191 9603 -0.216228
191 9860 -4.459208
191 11516 1.381444
191 13796 0.120968
191 14146 -2.325890
192 192 7.776796
192 671 1.016532
192 672 -2.661164
192 4091 -2.034221
192 7527 -0.054482
192 8845 -0.758641
192 10542 -3.605253
192 12685 -0.529078
192 14609 0.625374
192 14610 0.230577
193 193 3.783916
193 3034 -0.354420
193 6926 0.032053
193 7817 -0.100713
193 8992 -0.338977
193 9258 -0.473928
193 10281 -2.014096
193 13803 -0.960329
193 14469 0.428586
194 157 -0.492822
194 190 -0.425331
194 194 3.140972
194 195 0.024045
194 201 0.127432
194 238 -0.006528
194 246 -0.339091
194 10019 -1.058309
194 13664 -0.968729
195 81 -3.086644
195 97 0.660227
195 157 -1.995137
195 190 -1.398644
195 194 0.024045
195 195 5.661842
195 14313 0.135464
196 138 0.964232
196 157 -1.605751
196 196 7.001694
196 225 -1.711275
196 226 -1.654394
196 297 -1.429339
196 2871 -0.332870
196 11637 -1.512878
196 13806 0.690815
196 14313 -0.404285
197 197 5.287621
197 415 -0.427492
197 554 0.064012
197 748 -0.845106
197 749 -0.555883
197 750 -0.993482
197 9835 -1.466183
197 11589 -0.448915
197 12048 -0.985107
197 13943 0.379147
198 198 3.985082
198 199 -0.302578
198 257 -0.152995
198 334 -0.049314
198 384 -0.254890
198 385 -1.438416
198 446 0.153485
198 878 -1.134742
198 11596 0.011723
198 14239 -0.810732
199 125 0.546755
199 163 0.523563
199 198 -0.302578
199 199 6.817979
199 217 -0.326949
199 256 -0.871280
199 257 -2.352470
199 334 -0.194379
199 11113 -3.019105
199 14239 -0.817963
200 142 -1.602057
200 172 0.599194
200 181 -0.351357
200 200 4.787017
200 219 -0.779013
200 255 0.407723
200 307 -2.506177
200 11244 -0.733990
200 12522 -0.115961
200 13754 0.298351
201 185 -1.484803
201 189 -0.220311
201 194 0.127432
201 201 5.230652
201 202 1.090795
201 235 -1.395278
201 239 0.331431
201 246 -1.328251
201 10019 -2.256618
201 12510 -0.882376
201 13664 0.789225
202 174 -0.039761
202 175 -0.143219
202 185 -1.023474
202 201 1.090795
202 202 3.488531
202 234 -0.951692
202 235 -1.404005
202 618 -0.391572
202 11757 -0.310981
202 13952 -0.312545
203 203 6.428597
203 1045 -1.880506
203 1092 0.780835
203 1199 -0.764277
203 1202 -1.679235
203 1357 -2.191681
203 1476 0.211264
203 11785 -1.531726
203 12771 0.629515
204 136 -1.083383
204 156 -0.158856
204 204 6.696762
204 205 -2.555828
204 239 -0.124320
204 250 -0.580307
204 11727 0.164259
204 12510 -1.857597
204 12513 -0.620845
204 13664 0.125264
205 190 -0.251453
205 204 -2.555828
205 205 7.298687
205 206 -0.377304
205 239 -0.046525
205 250 0.041653
205 719 -1.498896
205 11637 0.352557
205 12513 0.031743
205 13664 -2.990766
206 81 0.051905
206 123 -0.047713
206 160 -2.171511
206 190 -0.591431
206 205 -0.377304
206 206 4.251334
206 719 -0.035173
206 11637 -0.305355
206 14313 -0.769592
207 207 9.816556
207 208 -1.403988
207 5601 -1.944892
207 5676 -2.921278
207 6158 -1.704185
207 6415 2.218557
207 9973 -1.209481
207 12799 0.072010
207 13182 -0.997476
207 13513 -2.130539
207 13883 0.217728
208 207 -1.403988
208 208 5.180456
208 3567 -0.657216
208 5427 -1.991662
208 5608 -0.050114
208 5676 -0.277581
208 9973 -0.166100
208 10453 0.262262
208 13182 -1.257105
208 13493 0.364587
209 138 -0.408698
209 162 -0.290317
209 209 8.906551
209 210 0.060385
209 225 -3.135447
209 296 0.529569
209 348 0.587487
209 358 0.224116
209 845 -2.725307
209 846 -0.018993
209 10695 -0.000290
209 11637 0.280623
209 13806 -4.003882
210 162 -2.874051
210 177 1.424320
210 209 0.060385
210 210 7.101165
210 283 0.269384
210 301 -3.146982
210 10695 -1.524219
210 11637 0.362823
210 13806 -1.670314
211 11 1.391727
211 51 -1.644464
211 66 -0.550503
211 121 -0.226950
211 131 -0.428230
211 211 5.672964
211 1604 -3.463413
211 7471 -0.924559
211 11403 0.779334
211 13831 0.884726
211 13909 -1.485301
212 163 -1.897554
212 212 2.693490
212 241 -0.143948
212 256 -0.170521
212 269 -0.850860
212 448 0.767636
212 11113 -0.397382
213 181 -0.653404
213 213 7.851182
213 220 -2.320930
213 240 -3.801292
213 254 1.153326
213 2528 -0.301833
213 11244 0.386083
213 11372 -1.538220
213 12522 -1.626957
213 13970 0.856451
214 214 5.231244
214 4846 -1.503829
214 5255 -0.030890
214 6460 -0.610075
214 6875 -0.263645
214 7309 0.012472
214 10088 -0.227005
214 11420 -1.021357
214 11859 0.242848
214 13317 -1.220604
214 14029 -0.602450
215 126 0.241573
215 149 -2.425313
215 215 4.597712
215 269 0.786872
215 309 -0.616917
215 735 0.916949
215 843 -2.752938
215 7777 -0.746674
216 216 8.937426
216 752 -3.439228
216 3333 -0.010757
216 5215 -1.166774
216 9006 -2.281745
216 9596 1.296157
216 10954 -0.309282
216 10985 -1.643221
216 12025 -0.462950
216 13143 -0.772694
216 13598 -0.135919
217 125 -1.360416
217 127 -0.175744
217 199 -0.326949
217 217 6.138057
217 257 -3.030346
217 340 -0.880520
217 445 0.660639
217 878 -0.988970
217 11113 0.710525
217 14239 -0.741342
218 218 4.310264
218 763 -0.882916
218 2488 0.057454
218 2656 -0.313833
218 3047 -0.800894
218 5231 -0.858866
218 6402 -0.045874
218 14207 0.255059
218 14272 -1.717455
219 142 0.897168
219 172 -1.719837
219 176 0.253337
219 200 -0.779013
219 219 8.505404
219 245 -0.312074
219 307 -0.933655
219 11206 -3.689262
219 11729 -0.305331
219 11992 0.692986
219 13754 -2.605158
220 103 -0.871181
220 213 -2.320930
220 220 6.000444
220 240 -0.155587
220 254 0.539747
220 2527 -0.261909
220 2528 -0.096934
220 3010 -2.024479
220 12522 -0.720454
220 13970 -0.083346
221 221 6.010604
221 1911 -0.055523
221 2452 -1.492375
221 2734 -0.363807
221 3034 -0.666437
221 8440 -2.709720
